1.0000
1.0762
1.1483
1.2128
1.2670
1.3088
1.3372
1.3522
1.3548
1.3469
1.3309
1.3099
1.2869
1.2647
1.2456
1.2313
1.2228
1.2198
1.2215
1.2263
1.2318
1.2356
1.2353
1.2285
1.2137
1.1897
1.1565
1.1149
1.0665
1.0135
0.9589
0.9055
0.8564
0.8140
0.7803
0.7565
0.7428
0.7382
0.7410
0.7488
0.7586
0.7669
0.7706
0.7668
0.7532
0.7285
0.6921
0.6447
0.5880
0.5243
0.4568
0.3888
0.3238
0.2650
0.2150
0.1757
0.1481
0.1320
0.1265
0.1298
0.1395
0.1528
0.1667
0.1787
0.1866
0.1888
0.1848
0.1748
0.1597
0.1413
0.1218
0.1036
0.0893
0.0808
0.0796
0.0865
0.1014
0.1230
0.1496
0.1785
0.2065
0.2304
0.2471
0.2536
0.2480
0.2290
0.1963
0.1510
0.0947
0.0302
-0.0392
-0.1100
-0.1786
-0.2415
-0.2961
-0.3405
-0.3737
-0.3957
-0.4075
-0.4111
-0.4088
-0.4036
-0.3984
-0.3959
-0.3983
-0.4072
-0.4231
-0.4460
-0.4747
-0.5073
-0.5416
-0.5750
-0.6049
-0.6289
-0.6453
-0.6532
-0.6524
-0.6436
-0.6284
-0.6092
-0.5887
-0.5698
-0.5554
-0.5481
-0.5497
-0.5613
-0.5828
-0.6134
-0.6513
-0.6938
-0.7379
-0.7801
-0.8172
-0.8463
-0.8649
-0.8718
-0.8664
-0.8494
-0.8224
-0.7878
-0.7487
-0.7085
-0.6707
-0.6384
-0.6144
-0.6004
-0.5975
-0.6056
-0.6238
-0.6503
-0.6829
-0.7189
-0.7554
-0.7900
-0.8207
-0.8461
-0.8658
-0.8800
-0.8899
-0.8973
-0.9046
-0.9141
-0.9284
-0.9493
-0.9785
-1.0164
-1.0628
-1.1164
-1.1752
-1.2364
-1.2966
-1.3524
-1.4004
-1.4376
-1.4619
-1.4718
-1.4669
-1.4480
-1.4167
-1.3756
-1.3279
-1.2769
-1.2262
-1.1790
-1.1380
-1.1048
-1.0805
-1.0649
-1.0570
-1.0549
-1.0562
-1.0581
-1.0576
-1.0523
-1.0401
-1.0195
-0.9900
-0.9521
-0.9070
-0.8567
-0.8037
-0.7506
-0.7002
-0.6549
-0.6166
-0.5863
-0.5642
-0.5497
-0.5411
-0.5365
-0.5329
-0.5277
-0.5180
-0.5015
-0.4765
-0.4421
-0.3984
-0.3466
-0.2885
-0.2270
-0.1654
-0.1071
-0.0557
-0.0141
0.0153
0.0309
0.0322
0.0199
-0.0046
-0.0387
-0.0795
-0.1235
-0.1673
-0.2077
-0.2420
-0.2682
-0.2854
-0.2934
-0.2930
-0.2858
-0.2740
-0.2599
-0.2461
-0.2348
-0.2277
-0.2257
-0.2291
-0.2372
-0.2486
-0.2610
-0.2719
-0.2786
-0.2784
-0.2692
-0.2493
-0.2180
-0.1754
-0.1228
-0.0622
0.0036
0.0714
0.1376
0.1989
0.2523
0.2955
0.3271
0.3466
0.3548
0.3531
0.3441
0.3307
0.3163
0.3043
0.2976
0.2987
0.3092
0.3299
0.3604
0.3996
0.4455
0.4954
0.5464
0.5955
0.6401
0.6779
0.7075
0.7284
0.7408
0.7458
0.7454
0.7419
0.7380
0.7361
0.7385
0.7469
0.7622
0.7844
0.8127
0.8453
0.8800
0.9139
0.9442
0.9678
0.9826
0.9867
0.9794
0.9607
0.9318
0.8949
0.8527
0.8088
0.7666
0.7297
0.7014
0.6842
0.6796
0.6883
0.7099
0.7430
0.7854
0.8340
0.8857
0.9373
0.9856
1.0281
1.0631
1.0897
1.1079
1.1185
1.1233
1.1243
1.1240
1.1248
1.1288
1.1377
1.1522
1.1725
1.1977
1.2262
1.2556
1.2832
1.3062
1.3218
1.3276
1.3221
1.3044
1.2746
1.2339
1.1843
1.1286
1.0700
1.0121
0.9581
0.9110
0.8731
0.8459
0.8297
0.8239
0.8270
0.8364
0.8493
0.8624
0.8723
0.8761
0.8715
0.8569
0.8317
0.7961
0.7517
0.7003
0.6447
0.5878
0.5327
0.4820
0.4380
0.4020
0.3747
0.3558
0.3442
0.3380
0.3350
0.3326
0.3284
0.3202
0.3065
0.2866
0.2606
0.2295
0.1951
0.1599
0.1269
0.0990
0.0791
0.0696
0.0724
0.0881
0.1166
0.1567
0.2062
0.2620
0.3208
0.3787
0.4321
0.4775
0.5124
0.5348
0.5441
0.5403
0.5248
0.4994
0.4670
0.4304
0.3926
0.3565
0.3243
0.2975
0.2767
0.2618
0.2516
0.2443
0.2377
0.2293
0.2166
0.1974
0.1702
0.1342
0.0894
0.0369
-0.0217
-0.0839
-0.1468
-0.2074
-0.2629
-0.3107
-0.3492
-0.3772
-0.3950
-0.4034
-0.4044
-0.4007
-0.3952
-0.3914
-0.3924
-0.4010
-0.4194
-0.4487
-0.4891
-0.5399
-0.5992
-0.6644
-0.7324
-0.7998
-0.8631
-0.9192
-0.9656
-1.0006
-1.0235
-1.0346
-1.0349
-1.0265
-1.0118
-0.9938
-0.9751
-0.9585
-0.9460
-0.9389
-0.9377
-0.9420
-0.9506
-0.9618
-0.9731
-0.9823
-0.9868
-0.9847
-0.9747
-0.9562
-0.9295
-0.8960
-0.8576
-0.8172
-0.7780
-0.7431
-0.7158
-0.6987
-0.6938
-0.7021
-0.7235
-0.7571
-0.8007
-0.8517
-0.9066
-0.9619
-1.0138
-1.0593
-1.0957
-1.1213
-1.1354
-1.1382
-1.1308
-1.1154
-1.0944
-1.0709
-1.0476
-1.0274
-1.0122
-1.0034
-1.0015
-1.0062
-1.0162
-1.0296
-1.0439
-1.0566
-1.0651
-1.0672
-1.0613
-1.0466
-1.0231
-0.9918
-0.9544
-0.9133
-0.8714
-0.8317
-0.7969
-0.7695
-0.7513
-0.7429
-0.7445
-0.7547
-0.7717
-0.7927
-0.8146
-0.8339
-0.8474
-0.8524
-0.8466
-0.8288
-0.7989
-0.7576
-0.7067
-0.6489
-0.5873
-0.5254
-0.4666
-0.4139
-0.3700
-0.3366
-0.3143
-0.3031
-0.3018
-0.3085
-0.3209
-0.3362
-0.3517
-0.3649
-0.3741
-0.3780
-0.3763
-0.3695
-0.3589
-0.3464
-0.3345
-0.3255
-0.3219
-0.3255
-0.3378
-0.3591
-0.3889
-0.4259
-0.4677
-0.5115
-0.5540
-0.5916
-0.6211
-0.6396
-0.6450
-0.6362
-0.6130
-0.5763
-0.5280
-0.4708
-0.4079
-0.3429
-0.2791
-0.2198
-0.1673
-0.1233
-0.0886
-0.0628
-0.0448
-0.0325
-0.0233
-0.0146
-0.0033
0.0129
0.0360
0.0672
0.1069
0.1545
0.2085
0.2669
0.3271
0.3864
0.4421
0.4918
0.5339
0.5675
0.5925
0.6098
0.6210
0.6285
0.6350
0.6434
0.6563
0.6760
0.7040
0.7411
0.7869
0.8401
0.8986
0.9595
1.0195
1.0749
1.1224
1.1592
1.1829
1.1923
1.1870
1.1679
1.1367
1.0959
1.0487
0.9986
0.9490
0.9030
0.8632
0.8313
0.8081
0.7937
0.7870
0.7863
0.7894
0.7939
0.7972
0.7973
0.7926
0.7822
0.7662
0.7454
0.7214
0.6964
0.6731
0.6543
0.6425
0.6398
0.6476
0.6667
0.6964
0.7356
0.7819
0.8326
0.8842
0.9333
0.9766
1.0112
1.0349
1.0466
1.0461
1.0341
1.0126
0.9840
0.9514
0.9184
0.8880
0.8634
0.8467
0.8395
0.8423
0.8547
0.8751
0.9016
0.9313
0.9614
0.9890
1.0113
1.0264
1.0331
1.0308
1.0201
1.0023
0.9794
0.9539
0.9283
0.9052
0.8867
0.8744
0.8691
0.8705
0.8777
0.8888
0.9014
0.9126
0.9196
0.9195
0.9101
0.8899
0.8581
0.8152
0.7626
0.7024
0.6378
0.5721
0.5090
0.4520
0.4042
0.3679
0.3447
0.3349
0.3379
0.3521
0.3751
0.4040
0.4355
0.4663
0.4935
0.5147
0.5283
0.5336
0.5308
0.5209
0.5057
0.4875
0.4687
0.4517
0.4386
0.4307
0.4289
0.4330
0.4420
0.4540
0.4668
0.4776
0.4834
0.4816
0.4699
0.4470
0.4121
0.3657
0.3089
0.2441
0.1742
0.1024
0.0322
-0.0330
-0.0905
-0.1380
-0.1743
-0.1993
-0.2138
-0.2195
-0.2189
-0.2152
-0.2116
-0.2114
-0.2175
-0.2319
-0.2562
-0.2907
-0.3349
-0.3873
-0.4458
-0.5074
-0.5693
-0.6285
-0.6824
-0.7288
-0.7666
-0.7952
-0.8152
-0.8279
-0.8351
-0.8392
-0.8428
-0.8483
-0.8576
-0.8723
-0.8928
-0.9189
-0.9493
-0.9822
-1.0148
-1.0444
-1.0678
-1.0822
-1.0853
-1.0756
-1.0525
-1.0163
-0.9686
-0.9115
-0.8484
-0.7827
-0.7182
-0.6586
-0.6071
-0.5662
-0.5376
-0.5218
-0.5185
-0.5263
-0.5430
-0.5659
-0.5920
-0.6182
-0.6420
-0.6611
-0.6744
-0.6811
-0.6819
-0.6779
-0.6711
-0.6637
-0.6584
-0.6575
-0.6631
-0.6767
-0.6988
-0.7293
-0.7670
-0.8100
-0.8558
-0.9014
-0.9439
-0.9804
-1.0087
-1.0270
-1.0347
-1.0319
-1.0199
-1.0007
-0.9772
-0.9524
-0.9297
-0.9122
-0.9027
-0.9030
-0.9142
-0.9363
-0.9682
-1.0082
-1.0533
-1.1004
-1.1460
-1.1868
-1.2197
-1.2424
-1.2534
-1.2521
-1.2391
-1.2157
-1.1838
-1.1463
-1.1058
-1.0653
-1.0273
-0.9936
-0.9655
-0.9433
-0.9264
-0.9136
-0.9028
-0.8918
-0.8781
-0.8593
-0.8337
-0.8001
-0.7580
-0.7080
-0.6515
-0.5909
-0.5289
-0.4688
-0.4138
-0.3671
-0.3312
-0.3078
-0.2979
-0.3011
-0.3164
-0.3413
-0.3731
-0.4083
-0.4433
-0.4745
-0.4988
-0.5139
-0.5181
-0.5110
-0.4930
-0.4654
-0.4304
-0.3908
-0.3494
-0.3091
-0.2725
-0.2416
-0.2175
-0.2007
-0.1905
-0.1855
-0.1838
-0.1828
-0.1800
-0.1728
-0.1591
-0.1376
-0.1075
-0.0691
-0.0234
0.0275
0.0812
0.1348
0.1853
0.2299
0.2664
0.2932
0.3096
0.3159
0.3135
0.3044
0.2915
0.2780
0.2674
0.2628
0.2668
0.2816
0.3080
0.3461
0.3948
0.4523
0.5157
0.5818
0.6471
0.7083
0.7623
0.8067
0.8401
0.8618
0.8722
0.8725
0.8649
0.8517
0.8358
0.8197
0.8059
0.7960
0.7912
0.7915
0.7963
0.8041
0.8129
0.8204
0.8239
0.8212
0.8105
0.7907
0.7615
0.7235
0.6784
0.6285
0.5769
0.5270
0.4822
0.4458
0.4204
0.4081
0.4098
0.4254
0.4537
0.4929
0.5400
0.5917
0.6445
0.6951
0.7403
0.7780
0.8065
0.8255
0.8354
0.8375
0.8341
0.8278
0.8213
0.8176
0.8190
0.8273
0.8436
0.8680
0.8998
0.9375
0.9788
1.0211
1.0617
1.0979
1.1276
1.1492
1.1620
1.1660
1.1625
1.1530
1.1402
1.1268
1.1156
1.1093
1.1100
1.1192
1.1372
1.1636
1.1970
1.2350
1.2746
1.3124
1.3449
1.3689
1.3814
1.3805
1.3650
1.3350
1.2912
1.2358
1.1714
1.1013
1.0288
0.9576
0.8904
0.8299
0.7776
0.7340
0.6991
0.6717
0.6499
0.6315
0.6140
0.5950
0.5724
0.5449
0.5117
0.4731
0.4301
0.3843
0.3383
0.2946
0.2560
0.2251
0.2037
0.1933
0.1942
0.2058
0.2266
0.2543
0.2858
0.3177
0.3467
0.3695
0.3832
0.3861
0.3770
0.3560
0.3241
0.2833
0.2363
0.1863
0.1367
0.0908
0.0513
0.0205
-0.0003
-0.0109
-0.0119
-0.0048
0.0081
0.0241
0.0401
0.0533
0.0612
0.0619
0.0543
0.0382
0.0142
-0.0162
-0.0508
-0.0873
-0.1228
-0.1551
-0.1820
-0.2021
-0.2148
-0.2205
-0.2204
-0.2164
-0.2111
-0.2073
-0.2080
-0.2158
-0.2329
-0.2606
-0.2995
-0.3488
-0.4072
-0.4721
-0.5404
-0.6087
-0.6732
-0.7305
-0.7776
-0.8124
-0.8337
-0.8411
-0.8355
-0.8187
-0.7933
-0.7622
-0.7287
-0.6962
-0.6674
-0.6445
-0.6291
-0.6215
-0.6215
-0.6279
-0.6387
-0.6517
-0.6644
-0.6744
-0.6799
-0.6794
-0.6725
-0.6594
-0.6413
-0.6202
-0.5985
-0.5790
-0.5647
-0.5581
-0.5613
-0.5757
-0.6016
-0.6386
-0.6851
-0.7388
-0.7967
-0.8554
-0.9115
-0.9616
-1.0032
-1.0341
-1.0535
-1.0613
-1.0585
-1.0471
-1.0298
-1.0097
-0.9901
-0.9742
-0.9647
-0.9638
-0.9726
-0.9913
-1.0193
-1.0548
-1.0956
-1.1388
-1.1814
-1.2206
-1.2537
-1.2789
-1.2951
-1.3020
-1.3003
-1.2913
-1.2773
-1.2605
-1.2435
-1.2287
-1.2179
-1.2126
-1.2129
-1.2186
-1.2282
-1.2396
-1.2502
-1.2570
-1.2569
-1.2473
-1.2260
-1.1916
-1.1437
-1.0830
-1.0110
-0.9303
-0.8442
-0.7562
-0.6703
-0.5899
-0.5182
-0.4576
-0.4095
-0.3742
-0.3513
-0.3392
-0.3355
-0.3375
-0.3422
-0.3465
-0.3480
-0.3447
-0.3353
-0.3197
-0.2984
-0.2727
-0.2448
-0.2171
-0.1920
-0.1720
-0.1591
-0.1544
-0.1585
-0.1710
-0.1906
-0.2152
-0.2423
-0.2689
-0.2919
-0.3088
-0.3171
-0.3156
-0.3037
-0.2817
-0.2511
-0.2141
-0.1736
-0.1329
-0.0951
-0.0635
-0.0406
-0.0281
-0.0268
-0.0367
-0.0565
-0.0840
-0.1165
-0.1506
-0.1829
-0.2100
-0.2290
-0.2379
-0.2352
-0.2207
-0.1950
-0.1595
-0.1165
-0.0687
-0.0191
0.0297
0.0753
0.1157
0.1501
0.1783
0.2009
0.2194
0.2359
0.2527
0.2723
0.2969
0.3283
0.3675
0.4147
0.4691
0.5291
0.5925
0.6561
0.7168
0.7713
0.8165
0.8501
0.8704
0.8769
0.8700
0.8510
0.8224
0.7873
0.7490
0.7112
0.6775
0.6508
0.6333
0.6264
0.6305
0.6449
0.6680
0.6976
0.7310
0.7651
0.7971
0.8246
0.8457
0.8595
0.8657
0.8651
0.8592
0.8502
0.8406
0.8330
0.8299
0.8332
0.8443
0.8636
0.8907
0.9244
0.9625
1.0026
1.0416
1.0767
1.1050
1.1245
1.1338
1.1324
1.1208
1.1006
1.0739
1.0438
1.0135
0.9864
0.9657
0.9539
0.9527
0.9631
0.9849
1.0167
1.0566
1.1015
1.1483
1.1934
1.2335
1.2657
1.2878
1.2985
1.2973
1.2849
1.2627
1.2327
1.1977
1.1603
1.1231
1.0885
1.0581
1.0326
1.0122
0.9959
0.9822
0.9690
0.9538
0.9342
0.9080
0.8734
0.8296
0.7764
0.7146
0.6462
0.5735
0.4998
0.4285
0.3631
0.3066
0.2618
0.2303
0.2129
0.2093
0.2183
0.2376
0.2644
0.2952
0.3265
0.3549
0.3777
0.3927
0.3985
0.3948
0.3825
0.3630
0.3386
0.3119
0.2860
0.2634
0.2466
0.2373
0.2362
0.2433
0.2579
0.2781
0.3017
0.3260
0.3483
0.3660
0.3770
0.3800
0.3744
0.3606
0.3396
0.3136
0.2850
0.2567
0.2315
0.2120
0.2001
0.1972
0.2034
0.2182
0.2398
0.2659
0.2933
0.3185
0.3382
0.3489
0.3482
0.3341
0.3057
0.2631
0.2076
0.1413
0.0671
-0.0119
-0.0921
-0.1700
-0.2429
-0.3084
-0.3651
-0.4125
-0.4511
-0.4821
-0.5075
-0.5296
-0.5509
-0.5737
-0.6000
-0.6310
-0.6673
-0.7085
-0.7534
-0.8002
-0.8463
-0.8891
-0.9258
-0.9540
-0.9719
-0.9783
-0.9730
-0.9568
-0.9314
-0.8993
-0.8636
-0.8277
-0.7951
-0.7689
-0.7517
-0.7453
-0.7505
-0.7672
-0.7939
-0.8287
-0.8687
-0.9106
-0.9511
-0.9870
-1.0154
-1.0345
-1.0432
-1.0413
-1.0296
-1.0099
-0.9845
-0.9563
-0.9283
-0.9033
-0.8837
-0.8713
-0.8669
-0.8707
-0.8818
-0.8986
-0.9189
-0.9401
-0.9596
-0.9751
-0.9846
-0.9868
-0.9814
-0.9689
-0.9506
-0.9286
-0.9056
-0.8844
-0.8681
-0.8592
-0.8596
-0.8706
-0.8925
-0.9245
-0.9649
-1.0110
-1.0597
-1.1073
-1.1504
-1.1854
-1.2096
-1.2210
-1.2186
-1.2023
-1.1732
-1.1331
-1.0849
-1.0316
-0.9765
-0.9228
-0.8732
-0.8299
-0.7941
-0.7662
-0.7456
-0.7309
-0.7202
-0.7112
-0.7014
-0.6885
-0.6707
-0.6468
-0.6164
-0.5800
-0.5391
-0.4956
-0.4520
-0.4114
-0.3765
-0.3499
-0.3334
-0.3284
-0.3350
-0.3526
-0.3793
-0.4128
-0.4500
-0.4874
-0.5216
-0.5494
-0.5684
-0.5766
-0.5733
-0.5588
-0.5341
-0.5016
-0.4638
-0.4242
-0.3859
-0.3521
-0.3255
-0.3080
-0.3005
-0.3031
-0.3150
-0.3342
-0.3585
-0.3848
-0.4102
-0.4319
-0.4474
-0.4550
-0.4537
-0.4435
-0.4252
-0.4004
-0.3712
-0.3401
-0.3097
-0.2822
-0.2594
-0.2425
-0.2316
-0.2262
-0.2247
-0.2249
-0.2240
-0.2191
-0.2071
-0.1855
-0.1522
-0.1060
-0.0468
0.0247
0.1065
0.1961
0.2900
0.3846
0.4761
0.5609
0.6360
0.6994
0.7496
0.7866
0.8111
0.8248
0.8302
0.8301
0.8275
0.8253
0.8261
0.8315
0.8427
0.8597
0.8818
0.9073
0.9343
0.9602
0.9825
0.9989
1.0075
1.0072
0.9978
0.9797
0.9545
0.9243
0.8919
0.8602
0.8321
0.8104
0.7970
0.7934
0.7998
0.8156
0.8392
0.8684
0.9000
0.9309
0.9577
0.9774
0.9877
0.9870
0.9745
0.9507
0.9171
0.8759
0.8300
0.7829
0.7379
0.6984
0.6671
0.6460
0.6363
0.6381
0.6505
0.6720
0.7002
0.7323
0.7655
0.7971
0.8246
0.8466
0.8621
0.8712
0.8748
0.8744
0.8721
0.8705
0.8720
0.8786
0.8920
0.9132
0.9421
0.9778
1.0185
1.0618
1.1047
1.1437
1.1757
1.1978
1.2078
1.2042
1.1866
1.1557
1.1130
1.0612
1.0034
0.9431
0.8840
0.8295
0.7825
0.7450
0.7183
0.7024
0.6965
0.6990
0.7074
0.7190
0.7307
0.7399
0.7441
0.7417
0.7319
0.7146
0.6908
0.6623
0.6311
0.6000
0.5714
0.5479
0.5312
0.5225
0.5222
0.5296
0.5434
0.5613
0.5807
0.5986
0.6121
0.6186
0.6161
0.6034
0.5802
0.5473
0.5062
0.4595
0.4103
0.3617
0.3173
0.2800
0.2522
0.2357
0.2310
0.2377
0.2545
0.2790
0.3082
0.3389
0.3675
0.3908
0.4059
0.4110
0.4047
0.3870
0.3586
0.3210
0.2766
0.2280
0.1779
0.1289
0.0831
0.0421
0.0065
-0.0238
-0.0498
-0.0733
-0.0964
-0.1215
-0.1512
-0.1875
-0.2320
-0.2855
-0.3479
-0.4181
-0.4942
-0.5735
-0.6527
-0.7285
-0.7973
-0.8562
-0.9026
-0.9351
-0.9529
-0.9567
-0.9480
-0.9290
-0.9028
-0.8728
-0.8427
-0.8155
-0.7941
-0.7805
-0.7757
-0.7799
-0.7921
-0.8107
-0.8333
-0.8570
-0.8792
-0.8970
-0.9082
-0.9114
-0.9058
-0.8916
-0.8700
-0.8427
-0.8121
-0.7810
-0.7521
-0.7277
-0.7100
-0.7002
-0.6985
-0.7046
-0.7170
-0.7336
-0.7519
-0.7690
-0.7821
-0.7887
-0.7869
-0.7758
-0.7551
-0.7259
-0.6898
-0.6496
-0.6084
-0.5698
-0.5371
-0.5135
-0.5016
-0.5031
-0.5186
-0.5477
-0.5892
-0.6407
-0.6993
-0.7615
-0.8241
-0.8835
-0.9371
-0.9827
-1.0192
-1.0461
-1.0642
-1.0748
-1.0800
-1.0823
-1.0840
-1.0874
-1.0945
-1.1063
-1.1232
-1.1447
-1.1694
-1.1954
-1.2200
-1.2407
-1.2546
-1.2596
-1.2537
-1.2362
-1.2070
-1.1670
-1.1182
-1.0632
-1.0052
-0.9477
-0.8940
-0.8473
-0.8101
-0.7838
-0.7692
-0.7658
-0.7723
-0.7862
-0.8047
-0.8245
-0.8422
-0.8547
-0.8595
-0.8546
-0.8392
-0.8135
-0.7783
-0.7356
-0.6879
-0.6381
-0.5892
-0.5439
-0.5046
-0.4727
-0.4492
-0.4339
-0.4258
-0.4232
-0.4237
-0.4248
-0.4239
-0.4187
-0.4074
-0.3889
-0.3631
-0.3305
-0.2927
-0.2520
-0.2110
-0.1728
-0.1402
-0.1156
-0.1011
-0.0975
-0.1050
-0.1226
-0.1484
-0.1797
-0.2131
-0.2451
-0.2721
-0.2907
-0.2984
-0.2934
-0.2747
-0.2426
-0.1983
-0.1440
-0.0824
-0.0168
0.0496
0.1137
0.1728
0.2249
0.2691
0.3050
0.3334
0.3558
0.3743
0.3913
0.4091
0.4301
0.4559
0.4875
0.5251
0.5681
0.6150
0.6635
0.7110
0.7547
0.7917
0.8195
0.8365
0.8415
0.8345
0.8164
0.7891
0.7553
0.7180
0.6808
0.6470
0.6197
0.6013
0.5935
0.5968
0.6108
0.6341
0.6644
0.6989
0.7342
0.7670
0.7944
0.8137
0.8234
0.8224
0.8110
0.7904
0.7623
0.7295
0.6947
0.6611
0.6314
0.6078
0.5921
0.5850
0.5863
0.5950
0.6096
0.6276
0.6467
0.6643
0.6783
0.6869
0.6892
0.6851
0.6755
0.6621
0.6472
0.6336
0.6244
0.6225
0.6304
0.6500
0.6823
0.7273
0.7840
0.8503
0.9234
1.0000
