0.0000000000
-1.6502049323
0.6457386306
1.2705720683
-1.1201916958
-0.6057067505
1.2981626678
-0.1803331902
-1.1340356920
0.8966158528
0.6735600432
-1.3746055865
-0.0408183690
1.5107022693
-0.5958914574
-1.2907977366
1.0697590208
0.7906279343
-1.2601418506
-0.1523781009
1.1240273629
-0.4555396435
-0.7058664979
0.8841612208
0.1234494590
-1.0424872017
0.4658496309
0.9185156046
-0.9087654240
-0.5775830829
1.0974886274
0.1392800181
-0.9972684162
0.2598076211
0.6529365161
-0.5064586125
-0.1730834408
0.5426086130
-0.3030586735
-0.3796470632
0.6461828211
0.0915484903
-0.7731663937
0.2106011776
0.6687390886
-0.4147212744
-0.3866749064
0.4435133565
0.0306558860
-0.2791310864
0.2791310864
-0.0306558860
-0.4435133565
0.3866749064
0.4147212744
-0.6687390886
-0.2106011776
0.7731663937
-0.0915484903
-0.6461828211
0.3796470632
0.3030586735
-0.5426086130
0.1730834408
0.5064586125
-0.6529365161
-0.2598076211
0.9972684162
-0.1392800181
-1.0974886274
0.5775830829
0.9087654240
-0.9185156046
-0.4658496309
1.0424872017
-0.1234494590
-0.8841612208
0.7058664979
0.4555396435
-1.1240273629
0.1523781009
1.2601418506
-0.7906279343
-1.0697590208
1.2907977366
0.5958914574
-1.5107022693
0.0408183690
1.3746055865
-0.6735600432
-0.8966158528
1.1340356920
0.1803331902
-1.2981626678
0.6057067505
1.1201916958
-1.2705720683
-0.6457386306
1.6502049323
-0.0000000000
